null 42 42 42 42 42 42 42 42 42 42
1 42 42 42 0

501 4 10 40 0 1 10 400 0 qiaogun
撬棍
传说中的物理学圣剑][]非常结实，可以凿开墙壁

1

508 4 500 20 0 0 10 50 0 duanjian
短剑
叫短剑的冲锋枪][]---能天使

1

1001 2 2 0 0 0 1 1 0 longrou
龙肉
你管它真龙假龙

1

507 3 9999 0 0 0 1 1 0 qi
七
只有一根秒针的怀表，][]秒针永远停在第七秒

1

1 2 1 0 0 0 1 1 0 xingrenshui
杏仁水
养元饮品

1

44 2 3 0 0 0 1 1 0 yaoguoshui
腰果水
养腰子饮品，][]她好我也好

1

500 3 100 0 0 0 0 0 0 shouji
手机
这是你从前室带过来的，][]21世纪的多功能通讯设备

1

509 0 0 0 0 1000 0 0 0 megxinshouzhinan
MEG新手指南
详情][]在wiki

1

502 1 1 0 0 0 10 400 0 hunningtu
混凝土
砼

1

506 5 9999 0 0 0 1 0 13 chisuo
尺缩
缩地成寸][]L=L'√[1-(V/C)^2]
[速度:9],[虚空行者:1],[全视:1]
1

